0	400	60	128
900	210	40	80	
0	900	960	690	
-200	550	300	10	
300	450	300	10
-200	350	300	10	
300	250	300	10
-200	150	300	10	
300	50	300	10
-200	-50	300	10	
300	-150	300	10
300	450	300	10
400	500	300	10	
400	490	300	10	
400	480	300	10	
400	470	300	10	
400	460	300	10	
400	450	300	10	
400	440	300	10	
400	430	300	10	
400	420	300	10	
400	410	300	10	
400	400	300	10	
400	390	300	10	
400	380	300	10	
400	370	300	10	
400	360	300	10	
400	350	300	10	
400	340	300	10	
400	330	300	10	
400	320	300	10	
400	310	300	10	
400	300	300	10	
400	290	300	10	
400	280	300	10	
400	270	300	10	
400	260	300	10	
400	250	300	10	
400	240	300	10	
400	230	300	10	
400	220	300	10	
400	210	300	10	
400	200	300	10	
400	190	300	10	
400	180	300	10	
400	170	300	10	
400	160	300	10	
400	150	300	10	
400	140	300	10	
400	130	300	10	
400	120	300	10	
400	110	300	10	
400	100	300	10	
400	90	300	10	
400	80	300	10	
400	70	300	10	
400	60	300	10	
400	50	300	10	
400	40	300	10	
400	30	300	10	
400	20	300	10	
400	10	300	10	
400	00	300	10	
400	-10	300	10	
400	-20	300	10	
400	-30	300	10	
400	-40	300	10	
400	-50	300	10	
400	-60	300	10	
400	-70	300	10	
400	-80	300	10	
400	-90	300	10	
400	-100	300	10	
400	-110	300	10	
400	-120	300	10	
400	-130	300	10	
400	-140	300	10	
400	-150	300	10	
400	-160	300	10	
400	-170	300	10	
400	-180	300	10	
400	-190	300	10	
400	-200	300	10	